id: 4
T_world_origin: 
  -0.248183   -0.964875  -0.0861508     11.7492
   0.916804   -0.262674    0.300787     2.05502
  -0.312851 -0.00433324    0.949792      -0.121
          0           0           0           1
T_origin_endpoint_L: 
  0.839756   0.540716  -0.049347  -0.688573
 -0.540473   0.823749  -0.171249 -0.0320049
-0.0519477   0.170478   0.983991  -0.190836
         0          0          0          1
T_origin_endpoint_R: 
    0.99999  0.00161975  0.00405841  0.00401809
-0.00161476    0.999998 -0.00123347  -0.0027915
 -0.0040604  0.00122691    0.999991 0.000193608
          0           0           0           1
T_lidar_imu: 
       1        0        0    0.011
       0        1        0  0.02329
       0        0        1 -0.04412
       0        0        0        1
imu_bias:   0.00349163  -0.00587843  -0.00206243   0.00762684   -0.0053136 -0.000278286
frame_id: 2
num_frames: 71
frame_0
id: 1396
stamp: 1784010415.120414019
T_odom_lidar: 
  0.314884  -0.944125  0.0973408    12.0364
   0.90949   0.329471   0.253527    1.37027
 -0.271432 0.00869894   0.962418  -0.450298
         0          0          0          1
T_world_lidar: 
  0.314884  -0.944125  0.0973403    12.0364
   0.90949   0.329471   0.253527    1.37027
 -0.271432 0.00869849   0.962418  -0.450298
         0          0          0          1
v_world_imu: -0.0585077   0.996454 -0.0135279
frame_1
id: 1397
stamp: 1784010415.220637083
T_odom_lidar: 
  0.180576  -0.981896  0.0572095    12.0228
  0.947068   0.189279   0.259298    1.47621
 -0.265432 0.00735842   0.964102  -0.450392
         0          0          0          1
T_world_lidar: 
  0.189046  -0.980317  0.0569294    12.0228
  0.946446   0.197353   0.255522    1.47533
 -0.261728 0.00557527   0.965126  -0.449976
         0          0          0          1
v_world_imu:  -0.210037    1.04273 0.00380834
frame_2
id: 1398
stamp: 1784010415.320470095
T_odom_lidar: 
 0.0347699  -0.999256  0.0167047    11.9939
  0.963786  0.0379484   0.263962    1.58876
   -0.2644 0.00692184   0.964388  -0.450205
         0          0          0          1
T_world_lidar: 
 0.0480527   -0.99874  0.0144441    11.9949
  0.965273  0.0501503   0.256383    1.58717
 -0.256785 0.00162256   0.966467  -0.449222
         0          0          0          1
v_world_imu:   -0.37591    1.15355 -0.0117647
frame_3
id: 1399
stamp: 1784010415.420588017
T_odom_lidar: 
 -0.131537  -0.990853 -0.0301264    11.9425
  0.955006  -0.134811   0.264178    1.70952
 -0.265823 0.00597834   0.964003  -0.451602
         0          0          0          1
T_world_lidar: 
  -0.115985   -0.992697  -0.0331636     11.9442
   0.959343   -0.120613    0.255172     1.70777
  -0.257308 -0.00221904    0.966327   -0.450164
          0           0           0           1
v_world_imu:   -0.62076    1.15496 0.00856992
frame_4
id: 1400
stamp: 1784010415.520282030
T_odom_lidar: 
  -0.24799  -0.966377 -0.0679416    11.8803
  0.929218  -0.257114   0.265418    1.83051
 -0.273963 0.00268854   0.961736   -0.45313
         0          0          0          1
T_world_lidar: 
 -0.244984   -0.96635 -0.0784259    11.8812
   0.93297  -0.256977   0.252052    1.82902
 -0.263724 -0.0114202    0.96453  -0.450885
         0          0          0          1
v_world_imu:    -0.47021     1.19311 -0.00428413
frame_5
id: 1401
stamp: 1784010415.620602131
T_odom_lidar: 
 -0.249985  -0.965892 -0.0675329    11.8496
  0.928027  -0.258911   0.267827    1.93274
 -0.276177 0.00428042   0.961097   -0.45512
         0          0          0          1
T_world_lidar: 
 -0.254854  -0.963571 -0.0811236    11.8492
  0.928974  -0.267263    0.25608    1.93194
 -0.268432 -0.0100988   0.963246  -0.452027
         0          0          0          1
v_world_imu: -0.200544  0.761378 -0.008688
frame_6
id: 1402
stamp: 1784010415.720512152
T_odom_lidar: 
  -0.24769  -0.966577  -0.066168    11.8363
  0.928949  -0.256333   0.267111    1.98939
 -0.275144 0.00469394   0.961392  -0.455888
         0          0          0          1
T_world_lidar: 
 -0.251594  -0.964447 -0.0808844    11.8352
  0.929746  -0.264062   0.256599    1.98916
 -0.268835 -0.0106431   0.963128  -0.452657
         0          0          0          1
v_world_imu:   -0.101808     0.42544 -0.00836342
frame_7
id: 1403
stamp: 1784010415.820399046
T_odom_lidar: 
 -0.247745  -0.966421 -0.0682157    11.8277
   0.92897  -0.256952    0.26644      2.023
 -0.275021 0.00263893   0.961435  -0.455914
         0          0          0          1
T_world_lidar: 
 -0.250498  -0.964409 -0.0846455    11.8266
  0.929846  -0.264015   0.256286    2.02315
 -0.269512 -0.0145081   0.962888  -0.452731
         0          0          0          1
v_world_imu: -0.0641805   0.278547 0.00330382
frame_8
id: 1404
stamp: 1784010415.920228004
T_odom_lidar: 
 -0.248738   -0.96626 -0.0668638    11.8221
  0.928965  -0.257536   0.265892    2.04637
 -0.274141 0.00402326   0.961681  -0.456262
         0          0          0          1
T_world_lidar: 
 -0.251117  -0.964283 -0.0842495    11.8211
  0.929636  -0.264508   0.256537    2.04662
 -0.269659 -0.0139005   0.962855  -0.452995
         0          0          0          1
v_world_imu:   -0.0491402     0.198844 -0.000523526
frame_9
id: 1405
stamp: 1784010416.020254135
T_odom_lidar: 
  -0.24966  -0.966046 -0.0665172     11.818
  0.928477  -0.258324   0.266833    2.06273
 -0.274956 0.00485796   0.961445  -0.456435
         0          0          0          1
T_world_lidar: 
 -0.251575  -0.964173 -0.0841416    11.8173
  0.929041  -0.264944   0.258241    2.06294
 -0.271282 -0.0132041   0.962409  -0.453186
         0          0          0          1
v_world_imu:  -0.0295131    0.125493 -0.00583623
frame_10
id: 1406
stamp: 1784010416.120365143
T_odom_lidar: 
 -0.249822  -0.966013 -0.0663841    11.8155
  0.928358  -0.258441   0.267132    2.07278
  -0.27521  0.0051075   0.961371  -0.456579
         0          0          0          1
T_world_lidar: 
 -0.251848   -0.96411 -0.0840499    11.8152
  0.928774  -0.265192   0.258945    2.07297
 -0.271941 -0.0128485   0.962228  -0.453677
         0          0          0          1
v_world_imu: -0.0110874  0.0657256 -0.0064059
frame_11
id: 1407
stamp: 1784010416.220539093
T_odom_lidar: 
 -0.250508  -0.965816 -0.0666729    11.8144
  0.928101  -0.259178   0.267311     2.0775
 -0.275454 0.00508433   0.961301  -0.456615
         0          0          0          1
T_world_lidar: 
 -0.252081   -0.96405 -0.0840358    11.8143
  0.928673  -0.265415   0.259077     2.0777
 -0.272068 -0.0127332   0.962194  -0.453964
         0          0          0          1
v_world_imu:  -0.0038661   0.0251843 -0.00315363
frame_12
id: 1408
stamp: 1784010416.320545197
T_odom_lidar: 
 -0.249861  -0.965985  -0.066659    11.8148
   0.92824  -0.258552   0.267436    2.07624
 -0.275574 0.00494616   0.961267   -0.45662
         0          0          0          1
T_world_lidar: 
 -0.252165  -0.964054  -0.083742    11.8148
  0.928629  -0.265417   0.259232    2.07661
 -0.272141 -0.0123959   0.962178  -0.454104
         0          0          0          1
v_world_imu:   0.0114029  -0.0378061 -0.00041481
frame_13
id: 1409
stamp: 1784010416.420519114
T_odom_lidar: 
 -0.249836  -0.965992 -0.0666407    11.8158
  0.928196  -0.258523   0.267614    2.07233
 -0.275741 0.00500404   0.961219  -0.456405
         0          0          0          1
T_world_lidar: 
 -0.251987   -0.96413 -0.0834009    11.8159
  0.928678  -0.265154   0.259327    2.07282
 -0.272139 -0.0121057   0.962182  -0.454106
         0          0          0          1
v_world_imu:  0.00943759  -0.0363383 0.000391837
frame_14
id: 1410
stamp: 1784010416.520347118
T_odom_lidar: 
 -0.250051  -0.965948 -0.0664703    11.8163
  0.928157  -0.258682   0.267598    2.06918
 -0.275681 0.00521829   0.961235  -0.456332
         0          0          0          1
T_world_lidar: 
 -0.251856  -0.964207 -0.0829036    11.8167
  0.928771  -0.264891   0.259264    2.06959
 -0.271944 -0.0117014   0.962242  -0.454077
         0          0          0          1
v_world_imu:  0.00627538  -0.0275899 0.000138995
frame_15
id: 1411
stamp: 1784010416.620491982
T_odom_lidar: 
 -0.249715  -0.966055 -0.0661802    11.8166
  0.928356  -0.258281   0.267294    2.06718
 -0.275313 0.00530832    0.96134  -0.456387
         0          0          0          1
T_world_lidar: 
  -0.25171  -0.964278 -0.0825182    11.8172
   0.92891  -0.264643   0.259019    2.06739
 -0.271604 -0.0114543   0.962341  -0.454033
         0          0          0          1
v_world_imu:  0.00326951  -0.0156259 0.000810889
frame_16
id: 1412
stamp: 1784010416.720185041
T_odom_lidar: 
 -0.249525  -0.966105 -0.0661727    11.8169
  0.928444  -0.258097   0.267164    2.06636
 -0.275188 0.00522649   0.961376  -0.456427
         0          0          0          1
T_world_lidar: 
 -0.251667  -0.964314 -0.0822374    11.8174
  0.929023  -0.264522   0.258738     2.0664
 -0.271258 -0.0112847    0.96244  -0.453975
         0          0          0          1
v_world_imu: 0.000217246 -0.00394948 0.000489151
frame_17
id: 1413
stamp: 1784010416.820525169
T_odom_lidar: 
 -0.249676  -0.966053 -0.0663654    11.8167
  0.928427  -0.258296   0.267032    2.06649
 -0.275109 0.00505614     0.9614  -0.456317
         0          0          0          1
T_world_lidar: 
 -0.251628  -0.964333 -0.0821263    11.8173
   0.92912  -0.264451   0.258459    2.06643
 -0.270959 -0.0112697   0.962525  -0.453911
         0          0          0          1
v_world_imu: -0.00180033  0.00394266 0.000719474
frame_18
id: 1414
stamp: 1784010416.920346975
T_odom_lidar: 
 -0.249704  -0.966036 -0.0664972    11.8166
   0.92839  -0.258359   0.267099     2.0671
 -0.275208  0.0049603   0.961372  -0.456214
         0          0          0          1
T_world_lidar: 
 -0.251623  -0.964338 -0.0820806    11.8171
  0.929189  -0.264432   0.258233    2.06695
 -0.270728  -0.011291    0.96259  -0.453861
         0          0          0          1
v_world_imu: -0.00196813  0.00581477 0.000395092
frame_19
id: 1415
stamp: 1784010417.020176172
T_odom_lidar: 
 -0.249564  -0.966074 -0.0664739    11.8166
  0.928386  -0.258217   0.267251    2.06753
 -0.275349 0.00498272   0.961331  -0.456253
         0          0          0          1
T_world_lidar: 
 -0.251609   -0.96435 -0.0819917    11.8169
  0.929235  -0.264392   0.258107     2.0674
 -0.270584 -0.0112474   0.962631  -0.453819
         0          0          0          1
v_world_imu:   -0.001282  0.00310015 0.000400141
frame_20
id: 1416
stamp: 1784010417.120357990
T_odom_lidar: 
 -0.249777  -0.966016 -0.0665221    11.8166
  0.928339  -0.258435   0.267202    2.06757
 -0.275313 0.00498587   0.961342  -0.456207
         0          0          0          1
T_world_lidar: 
  -0.25158  -0.964357 -0.0819912    11.8169
  0.929258  -0.264364   0.258055    2.06752
 -0.270532 -0.0112694   0.962645  -0.453787
         0          0          0          1
v_world_imu: -0.000257019 -0.000829483  0.000384705
frame_21
id: 1417
stamp: 1784010417.220580101
T_odom_lidar: 
 -0.249786  -0.966021 -0.0664079    11.8165
  0.928347  -0.258413   0.267198     2.0673
  -0.27528 0.00509287   0.961351  -0.456184
         0          0          0          1
T_world_lidar: 
 -0.251504  -0.964392 -0.0818132    11.8169
  0.929286  -0.264242   0.258077    2.06727
 -0.270506 -0.0111205   0.962654  -0.453734
         0          0          0          1
v_world_imu: 0.000336331 -0.00386881 0.000315715
frame_22
id: 1418
stamp: 1784010417.320327044
T_odom_lidar: 
 -0.249187  -0.966187 -0.0662453    11.8165
  0.928523  -0.257792   0.267187     2.0669
  -0.27523 0.00506924   0.961365  -0.456273
         0          0          0          1
T_world_lidar: 
 -0.251443  -0.964409 -0.0817995    11.8169
  0.929312  -0.264179   0.258049    2.06684
 -0.270474 -0.0111328   0.962663  -0.453692
         0          0          0          1
v_world_imu: 0.000562105 -0.00422816 0.000548221
frame_23
id: 1419
stamp: 1784010417.420612097
T_odom_lidar: 
 -0.248951  -0.966246 -0.0662707    11.8166
    0.9286  -0.257573   0.267129    2.06651
 -0.275182   0.004963   0.961379  -0.456327
         0          0          0          1
T_world_lidar: 
 -0.251416  -0.964418 -0.0817833     11.817
  0.929321  -0.264149   0.258046    2.06647
 -0.270467  -0.011126   0.962665  -0.453658
         0          0          0          1
v_world_imu:  0.00011539 -0.00311088   0.0001256
frame_24
id: 1420
stamp: 1784010417.520328045
T_odom_lidar: 
 -0.249123  -0.966215  -0.066082    11.8165
  0.928633  -0.257688   0.266905     2.0662
 -0.274916 0.00512624   0.961455  -0.456263
         0          0          0          1
T_world_lidar: 
 -0.251384  -0.964428 -0.0817662     11.817
  0.929322  -0.264114    0.25808    2.06623
 -0.270495   -0.01111   0.962657  -0.453596
         0          0          0          1
v_world_imu: 2.41572e-05  -0.0018971 0.000771392
frame_25
id: 1421
stamp: 1784010417.620228052
T_odom_lidar: 
 -0.249426   -0.96611 -0.0664665    11.8165
  0.928468  -0.258083   0.267097    2.06598
 -0.275199  0.0049089   0.961375  -0.456224
         0          0          0          1
T_world_lidar: 
  -0.25131  -0.964438 -0.0818702     11.817
  0.929316  -0.264072   0.258142    2.06606
 -0.270582 -0.0112096   0.962632  -0.453547
         0          0          0          1
v_world_imu: 0.000231023 -0.00164185 0.000383016
frame_26
id: 1422
stamp: 1784010417.720386028
T_odom_lidar: 
 -0.248931  -0.966276 -0.0659151    11.8167
  0.928692  -0.257457   0.266923    2.06571
 -0.274891 0.00523061   0.961461  -0.456281
         0          0          0          1
T_world_lidar: 
 -0.251241  -0.964447  -0.081979     11.817
  0.929307  -0.264035   0.258212    2.06589
 -0.270677 -0.0113103   0.962604  -0.453506
         0          0          0          1
v_world_imu: 0.000523109 -0.00189273 0.000293569
frame_27
id: 1423
stamp: 1784010417.820479155
T_odom_lidar: 
 -0.249223  -0.966176 -0.0662712    11.8167
  0.928546  -0.257834   0.267066    2.06551
 -0.275119 0.00502291   0.961397  -0.456232
         0          0          0          1
T_world_lidar: 
-0.251254  -0.96444 -0.082012    11.817
 0.929295 -0.264057  0.258234   2.06569
-0.270707 -0.011331  0.962595 -0.453492
        0         0         0         1
v_world_imu: 0.000324054 -0.00177205 0.000113659
frame_28
id: 1424
stamp: 1784010417.920422077
T_odom_lidar: 
 -0.249634  -0.966071 -0.0662605    11.8166
  0.928437  -0.258227   0.267065    2.06544
 -0.275113 0.00514958   0.961398   -0.45628
         0          0          0          1
T_world_lidar: 
 -0.251189  -0.964455 -0.0820456     11.817
  0.929317  -0.264003   0.258209    2.06554
 -0.270691 -0.0113872   0.962599  -0.453496
         0          0          0          1
v_world_imu: -0.00032789 -0.00113271 3.30222e-05
frame_29
id: 1425
stamp: 1784010418.020313025
T_odom_lidar: 
 -0.249222  -0.966187 -0.0661069    11.8166
  0.928593  -0.257789   0.266946    2.06542
 -0.274961  0.0051424   0.961442  -0.456419
         0          0          0          1
T_world_lidar: 
 -0.251122  -0.964481  -0.081941     11.817
  0.929351   -0.26391   0.258183    2.06544
 -0.270638 -0.0113166   0.962615   -0.45348
         0          0          0          1
v_world_imu: -0.000437258 -0.000791115  0.000279046
frame_30
id: 1426
stamp: 1784010418.120237112
T_odom_lidar: 
 -0.249185  -0.966182 -0.0663308    11.8167
  0.928656  -0.257816   0.266699    2.06538
 -0.274781 0.00485898   0.961495  -0.456443
         0          0          0          1
T_world_lidar: 
 -0.251002  -0.964509 -0.0819812     11.817
  0.929389  -0.263805   0.258153    2.06537
 -0.270618 -0.0113956   0.962619  -0.453426
         0          0          0          1
v_world_imu: -0.000614027 -0.000690591  0.000316639
frame_31
id: 1427
stamp: 1784010418.219992161
T_odom_lidar: 
 -0.249428  -0.966136 -0.0660855    11.8166
  0.928619  -0.257983   0.266667     2.0653
 -0.274686 0.00514586    0.96152  -0.456328
         0          0          0          1
T_world_lidar: 
 -0.251001  -0.964511 -0.0819637    11.8169
  0.929387  -0.263799   0.258168    2.06529
 -0.270627 -0.0113757   0.962617  -0.453357
         0          0          0          1
v_world_imu:  -0.0010541 -0.00100403  0.00117267
frame_32
id: 1428
stamp: 1784010418.320362091
T_odom_lidar: 
  -0.24947  -0.966098 -0.0664759    11.8165
  0.928483  -0.258129   0.266999    2.06518
 -0.275107 0.00488651   0.961401  -0.456236
         0          0          0          1
T_world_lidar: 
 -0.250961  -0.964516 -0.0820161    11.8167
  0.929386  -0.263776   0.258193    2.06517
 -0.270665 -0.0114282   0.962606   -0.45327
         0          0          0          1
v_world_imu: -0.00174741 -0.00123992 0.000545905
frame_33
id: 1429
stamp: 1784010418.420272112
T_odom_lidar: 
 -0.249177  -0.966186 -0.0662959    11.8163
  0.928611  -0.257798   0.266873    2.06499
  -0.27494 0.00493542   0.961449  -0.456169
         0          0          0          1
T_world_lidar: 
 -0.250897  -0.964542 -0.0819125    11.8165
  0.929385  -0.263687   0.258287    2.06505
 -0.270728 -0.0113247   0.962589  -0.453159
         0          0          0          1
v_world_imu: -0.00239631 -0.00122816  0.00133817
frame_34
id: 1430
stamp: 1784010418.520477057
T_odom_lidar: 
 -0.249973  -0.965958 -0.0666198    11.8158
   0.92844  -0.258654    0.26664    2.06479
 -0.274794 0.00480042   0.961491  -0.455946
         0          0          0          1
T_world_lidar: 
 -0.250899  -0.964554 -0.0817594    11.8163
  0.929381  -0.263647   0.258341    2.06495
  -0.27074 -0.0111682   0.962588  -0.453036
         0          0          0          1
v_world_imu:  -0.00283959 -0.000845811   0.00124055
frame_35
id: 1431
stamp: 1784010418.620344162
T_odom_lidar: 
  -0.24975  -0.966042 -0.0662365    11.8155
   0.92838  -0.258331   0.267163    2.06472
 -0.275202 0.00523129   0.961372  -0.455836
         0          0          0          1
T_world_lidar: 
 -0.250882  -0.964578 -0.0815284    11.8161
   0.92939  -0.263569    0.25839    2.06491
 -0.270726 -0.0109464   0.962594  -0.452907
         0          0          0          1
v_world_imu:  -0.00198048 -0.000106637   0.00154987
frame_36
id: 1432
stamp: 1784010418.720165968
T_odom_lidar: 
 -0.249458  -0.966106 -0.0664009    11.8153
  0.928427  -0.258095   0.267228    2.06475
 -0.275308  0.0050138   0.961343  -0.455685
         0          0          0          1
T_world_lidar: 
 -0.250832  -0.964593 -0.0815132    11.8159
  0.929411  -0.263517   0.258368    2.06492
   -0.2707 -0.0109524   0.962602  -0.452784
         0          0          0          1
v_world_imu: -0.00137148 0.000396844  0.00100926
frame_37
id: 1433
stamp: 1784010418.820229053
T_odom_lidar: 
 -0.249296  -0.966175 -0.0660127    11.8152
  0.928493  -0.257833   0.267252     2.0648
 -0.275232 0.00533249   0.961363  -0.455654
         0          0          0          1
T_world_lidar: 
 -0.250797  -0.964614  -0.081364    11.8158
  0.929458  -0.263442   0.258276    2.06496
 -0.270571 -0.0108496   0.962639  -0.452697
         0          0          0          1
v_world_imu: -0.00128612 0.000739168 0.000796477
frame_38
id: 1434
stamp: 1784010418.920345068
T_odom_lidar: 
 -0.249729  -0.966049 -0.0662223    11.8151
  0.928358  -0.258307   0.267262    2.06496
 -0.275294 0.00526508   0.961346   -0.45557
         0          0          0          1
T_world_lidar: 
 -0.250754  -0.964627 -0.0813473    11.8157
  0.929501  -0.263395   0.258169    2.06505
 -0.270463 -0.0108755   0.962669  -0.452609
         0          0          0          1
v_world_imu: -0.000702344   0.00108296  0.000854727
frame_39
id: 1435
stamp: 1784010419.020415068
T_odom_lidar: 
 -0.249383  -0.966142 -0.0661609    11.8151
  0.928458  -0.257957   0.267253    2.06515
 -0.275271 0.00522069   0.961352  -0.455528
         0          0          0          1
T_world_lidar: 
 -0.250676  -0.964647 -0.0813442    11.8156
   0.92956  -0.263317   0.258037    2.06516
 -0.270334 -0.0109306   0.962705  -0.452555
         0          0          0          1
v_world_imu: -0.000254138   0.00113096  0.000261979
frame_40
id: 1436
stamp: 1784010419.120414019
T_odom_lidar: 
 -0.249207  -0.966181 -0.0662542    11.8152
  0.928496  -0.257814   0.267258     2.0653
 -0.275301 0.00508585   0.961345   -0.45561
         0          0          0          1
T_world_lidar: 
 -0.250613  -0.964664 -0.0813422    11.8156
   0.92961  -0.263254   0.257919    2.06526
 -0.270219 -0.0109787   0.962736   -0.45251
         0          0          0          1
v_world_imu: 0.000247639  0.00110297 0.000397592
frame_41
id: 1437
stamp: 1784010419.221117020
T_odom_lidar: 
 -0.248657  -0.966346  -0.065922    11.8152
  0.928686  -0.257194   0.267194    2.06538
 -0.275157 0.00521879   0.961385  -0.455546
         0          0          0          1
T_world_lidar: 
 -0.250544  -0.964679  -0.081378    11.8157
  0.929651  -0.263196   0.257832    2.06536
 -0.270144 -0.0110548   0.962757  -0.452492
         0          0          0          1
v_world_imu: 0.000621517 0.000800107 0.000202261
frame_42
id: 1438
stamp: 1784010419.320188999
T_odom_lidar: 
 -0.249232  -0.966183 -0.0661288    11.8153
  0.928488  -0.257803   0.267298    2.06551
 -0.275307 0.00521924   0.961342  -0.455594
         0          0          0          1
T_world_lidar: 
 -0.250471  -0.964699 -0.0813582    11.8157
  0.929687   -0.26312   0.257779     2.0654
 -0.270086 -0.0110715   0.962773  -0.452468
         0          0          0          1
v_world_imu: 0.000713088  0.00025148 0.000202897
frame_43
id: 1439
stamp: 1784010419.420481205
T_odom_lidar: 
 -0.248887  -0.966264 -0.0662565    11.8154
  0.928646  -0.257508   0.267033    2.06558
 -0.275086 0.00493207   0.961407  -0.455726
         0          0          0          1
T_world_lidar: 
 -0.250423  -0.964706  -0.081426    11.8158
  0.929697  -0.263092   0.257771    2.06539
 -0.270096 -0.0111496   0.962769  -0.452458
         0          0          0          1
v_world_imu:  0.000742353 -0.000414692  0.000251324
frame_44
id: 1440
stamp: 1784010419.520048141
T_odom_lidar: 
 -0.248527  -0.966391  -0.065746    11.8155
  0.928801  -0.257022   0.266962    2.06542
 -0.274888 0.00528235   0.961462  -0.455653
         0          0          0          1
T_world_lidar: 
 -0.250346  -0.964729 -0.0813955    11.8159
  0.929698  -0.263011   0.257852    2.06529
 -0.270165 -0.0111208    0.96275  -0.452416
         0          0          0          1
v_world_imu: 0.000525321 -0.00151509 0.000458864
frame_45
id: 1441
stamp: 1784010419.620367050
T_odom_lidar: 
 -0.248938  -0.966287 -0.0657204    11.8154
  0.928568  -0.257407   0.267399    2.06514
 -0.275301 0.00553998   0.961342  -0.455553
         0          0          0          1
T_world_lidar: 
 -0.250278  -0.964744 -0.0814263    11.8159
  0.929678  -0.262955   0.257981    2.06514
 -0.270297 -0.0111332   0.962713  -0.452362
         0          0          0          1
v_world_imu: 0.000767906 -0.00168457 0.000550503
frame_46
id: 1442
stamp: 1784010419.720257044
T_odom_lidar: 
 -0.249421  -0.966115 -0.0664176    11.8156
  0.928414  -0.258064   0.267301    2.06486
 -0.275383  0.0050075   0.961321  -0.455596
         0          0          0          1
T_world_lidar: 
 -0.250192  -0.964762 -0.0814719     11.816
  0.929652  -0.262886   0.258144    2.06499
 -0.270465 -0.0111551   0.962665  -0.452316
         0          0          0          1
v_world_imu: 0.000656175 -0.00150074 0.000622619
frame_47
id: 1443
stamp: 1784010419.820427179
T_odom_lidar: 
 -0.248744  -0.966315 -0.0660511    11.8156
  0.928656  -0.257313   0.267185    2.06467
  -0.27518 0.00512164   0.961379  -0.455507
         0          0          0          1
T_world_lidar: 
 -0.250173  -0.964769 -0.0814495    11.8161
  0.929627  -0.262864   0.258257    2.06486
 -0.270568 -0.0111087   0.962637   -0.45227
         0          0          0          1
v_world_imu: 0.000635635 -0.00123697 0.000390157
frame_48
id: 1444
stamp: 1784010419.920897007
T_odom_lidar: 
 -0.248976   -0.96627 -0.0658347    11.8156
  0.928531  -0.257475   0.267464    2.06463
 -0.275393 0.00546255   0.961316  -0.455464
         0          0          0          1
T_world_lidar: 
 -0.250189  -0.964763 -0.0814687    11.8161
  0.929603  -0.262884    0.25832    2.06475
 -0.270635 -0.0111048   0.962618  -0.452253
         0          0          0          1
v_world_imu:  0.000544255 -0.000720887  0.000237604
frame_49
id: 1445
stamp: 1784010420.019983053
T_odom_lidar: 
 -0.248816  -0.966319 -0.0657122    11.8157
  0.928569  -0.257287   0.267513    2.06465
  -0.27541  0.0055433   0.961311  -0.455511
         0          0          0          1
T_world_lidar: 
 -0.250168  -0.964772 -0.0814253    11.8162
  0.929611  -0.262853   0.258326    2.06469
 -0.270628  -0.011069    0.96262  -0.452231
         0          0          0          1
v_world_imu:  0.000741393 -0.000465929 -8.46454e-06
frame_50
id: 1446
stamp: 1784010420.120195150
T_odom_lidar: 
  -0.24901  -0.966247 -0.0660418    11.8158
  0.928535  -0.257565   0.267361    2.06461
 -0.275347 0.00525351   0.961331  -0.455516
         0          0          0          1
T_world_lidar: 
 -0.250069  -0.964793 -0.0814801    11.8163
  0.929612  -0.262773   0.258402    2.06466
 -0.270716 -0.0111264   0.962595  -0.452205
         0          0          0          1
v_world_imu:  0.000982567 -0.000113414  0.000472467
frame_51
id: 1447
stamp: 1784010420.220126152
T_odom_lidar: 
 -0.248702  -0.966328 -0.0660062     11.816
  0.928511  -0.257258   0.267743    2.06455
 -0.275708 0.00530078   0.961227   -0.45534
         0          0          0          1
T_world_lidar: 
 -0.250012  -0.964811 -0.0814535    11.8164
  0.929623  -0.262711   0.258427    2.06468
 -0.270731 -0.0111113   0.962591  -0.452183
         0          0          0          1
v_world_imu: 0.000966284 0.000436203 0.000183732
frame_52
id: 1448
stamp: 1784010420.320458174
T_odom_lidar: 
 -0.249015  -0.966239   -0.06613    11.8161
  0.928409  -0.257592   0.267774    2.06463
 -0.275768 0.00528383    0.96121  -0.455339
         0          0          0          1
T_world_lidar: 
 -0.249935  -0.964833 -0.0814277    11.8165
  0.929656  -0.262629   0.258392    2.06475
  -0.27069 -0.0111187   0.962602   -0.45219
         0          0          0          1
v_world_imu:   0.00074467  0.000994022 -0.000138795
frame_53
id: 1449
stamp: 1784010420.420109034
T_odom_lidar: 
 -0.249083  -0.966207 -0.0663487    11.8161
  0.928447  -0.257719   0.267519    2.06479
 -0.275578 0.00503307   0.961266  -0.455546
         0          0          0          1
T_world_lidar: 
 -0.249914  -0.964841 -0.0813996    11.8165
  0.929678  -0.262601   0.258339    2.06486
 -0.270632  -0.011113   0.962619  -0.452216
         0          0          0          1
v_world_imu:  0.000650195   0.00125528 -0.000596096
frame_54
id: 1450
stamp: 1784010420.520029068
T_odom_lidar: 
 -0.248904  -0.966261 -0.0662292    11.8161
  0.928642  -0.257517   0.267039    2.06494
 -0.275085 0.00496399   0.961407  -0.455609
         0          0          0          1
T_world_lidar: 
 -0.249817  -0.964867 -0.0813883    11.8166
  0.929723  -0.262504   0.258276    2.06499
 -0.270567 -0.0111469   0.962637  -0.452229
         0          0          0          1
v_world_imu:  0.000591398   0.00145624 -0.000240708
frame_55
id: 1451
stamp: 1784010420.620053053
T_odom_lidar: 
 -0.249337  -0.966153 -0.0661713    11.8162
  0.928461  -0.257916   0.267281    2.06519
 -0.275301 0.00520558   0.961344  -0.455566
         0          0          0          1
T_world_lidar: 
 -0.249771  -0.964879 -0.0813749    11.8167
   0.92976  -0.262455   0.258194    2.06516
 -0.270484 -0.0111696    0.96266  -0.452254
         0          0          0          1
v_world_imu:  0.000848516    0.0017938 -0.000169574
frame_56
id: 1452
stamp: 1784010420.720023155
T_odom_lidar: 
 -0.249852  -0.965993 -0.0665705    11.8163
  0.928251   -0.25852   0.267429    2.06544
 -0.275544 0.00502357   0.961275  -0.455593
         0          0          0          1
T_world_lidar: 
 -0.249744  -0.964885 -0.0813936    11.8168
  0.929782  -0.262433   0.258137    2.06534
 -0.270433 -0.0112103   0.962674  -0.452266
         0          0          0          1
v_world_imu:   0.00100112   0.00171802 -0.000138237
frame_57
id: 1453
stamp: 1784010420.819987059
T_odom_lidar: 
 -0.249754  -0.966029 -0.0664097    11.8164
  0.928326  -0.258382   0.267301    2.06553
  -0.27538 0.00510983   0.961322  -0.455646
         0          0          0          1
T_world_lidar: 
 -0.249753   -0.96488 -0.0814247    11.8169
  0.929768  -0.262451   0.258167     2.0655
  -0.27047 -0.0112282   0.962663  -0.452293
         0          0          0          1
v_world_imu:   0.00087282   0.00153287 -0.000272143
frame_58
id: 1454
stamp: 1784010420.920125008
T_odom_lidar: 
 -0.249487  -0.966098  -0.066419    11.8165
  0.928437  -0.258128   0.267161    2.06557
 -0.275248 0.00498732    0.96136  -0.455621
         0          0          0          1
T_world_lidar: 
 -0.249676  -0.964901 -0.0814075    11.8169
  0.929785  -0.262373   0.258188    2.06564
 -0.270485  -0.011228   0.962659  -0.452318
         0          0          0          1
v_world_imu:  0.000315461   0.00148767 -0.000515279
frame_59
id: 1455
stamp: 1784010421.020040989
T_odom_lidar: 
 -0.249392  -0.966144 -0.0661004    11.8165
   0.92853   -0.25795   0.267009    2.06576
 -0.275019  0.0052135   0.961425  -0.455639
         0          0          0          1
T_world_lidar: 
 -0.249651   -0.96491 -0.0813815     11.817
   0.92979  -0.262341   0.258202     2.0658
 -0.270491 -0.0112073   0.962657  -0.452361
         0          0          0          1
v_world_imu:  0.000353622   0.00169308 -0.000484473
frame_60
id: 1456
stamp: 1784010421.120628119
T_odom_lidar: 
 -0.249426  -0.966123 -0.0662752    11.8165
  0.928471   -0.25803   0.267138    2.06607
 -0.275189 0.00509633   0.961377  -0.455789
         0          0          0          1
T_world_lidar: 
 -0.249559  -0.964935 -0.0813681     11.817
  0.929811  -0.262249   0.258219    2.06597
 -0.270503 -0.0112161   0.962654  -0.452406
         0          0          0          1
v_world_imu:  0.000496791   0.00166088 -0.000491638
frame_61
id: 1457
stamp: 1784010421.220305204
T_odom_lidar: 
 -0.249425  -0.966122 -0.0662959    11.8166
   0.92858  -0.258037   0.266753    2.06625
 -0.274823 0.00497368   0.961482  -0.455907
         0          0          0          1
T_world_lidar: 
 -0.249516  -0.964951 -0.0813138    11.8171
  0.929808  -0.262194   0.258286    2.06611
 -0.270554 -0.0111596    0.96264   -0.45242
         0          0          0          1
v_world_imu: 0.000849708  0.00116797 0.000229221
frame_62
id: 1458
stamp: 1784010421.319939137
T_odom_lidar: 
 -0.249844  -0.966022  -0.066178    11.8167
  0.928436  -0.258406   0.266894    2.06642
 -0.274926 0.00523967   0.961451  -0.455753
         0          0          0          1
T_world_lidar: 
 -0.249448  -0.964968 -0.0813192    11.8171
  0.929789  -0.262131   0.258419    2.06622
 -0.270682 -0.0111476   0.962604  -0.452405
         0          0          0          1
v_world_imu: 0.000678187  0.00105382 0.000157972
frame_63
id: 1459
stamp: 1784010421.419963121
T_odom_lidar: 
 -0.249729  -0.966067  -0.065962    11.8167
  0.928315  -0.258233   0.267482     2.0666
 -0.275439 0.00556462   0.961302  -0.455596
         0          0          0          1
T_world_lidar: 
 -0.249385   -0.96499 -0.0812437    11.8172
  0.929748  -0.262053   0.258644    2.06632
 -0.270879 -0.0110342    0.96255  -0.452407
         0          0          0          1
v_world_imu:  0.000787042  0.000751264 -0.000120287
frame_64
id: 1460
stamp: 1784010421.520126104
T_odom_lidar: 
 -0.249756  -0.966024 -0.0664798    11.8168
  0.928264  -0.258402   0.267496    2.06668
 -0.275586   0.005098   0.961263  -0.455693
         0          0          0          1
T_world_lidar: 
 -0.249342  -0.965004 -0.0812174    11.8173
  0.929662  -0.262008   0.258998     2.0664
 -0.271214 -0.0109256   0.962457  -0.452436
         0          0          0          1
v_world_imu: 0.000939515 0.000514991 -0.00076241
frame_65
id: 1461
stamp: 1784010421.620030165
T_odom_lidar: 
 -0.249806  -0.965998 -0.0666621     11.817
  0.928389  -0.258504   0.266964    2.06669
  -0.27512 0.00480111   0.961398  -0.455815
         0          0          0          1
T_world_lidar: 
  -0.24929  -0.965013 -0.0812657    11.8174
  0.929549  -0.261976   0.259437    2.06648
  -0.27165 -0.0108652   0.962335  -0.452508
         0          0          0          1
v_world_imu: 0.000888874 0.000818519 -0.00054964
frame_66
id: 1462
stamp: 1784010421.719840050
T_odom_lidar: 
 -0.249612  -0.966077 -0.0662483     11.817
  0.928417  -0.258202   0.267157    2.06676
   -0.2752 0.00517959   0.961373  -0.455677
         0          0          0          1
T_world_lidar: 
 -0.249263  -0.965014 -0.0813441    11.8175
  0.929397  -0.261978   0.259978    2.06663
 -0.272192 -0.0107981   0.962182  -0.452605
         0          0          0          1
v_world_imu: 0.000746685  0.00161925 -0.00129738
frame_67
id: 1463
stamp: 1784010421.820101023
T_odom_lidar: 
 -0.249764  -0.966011 -0.0666316     11.817
  0.928296  -0.258453   0.267335    2.06687
  -0.27547 0.00491702   0.961297  -0.455884
         0          0          0          1
T_world_lidar: 
 -0.249177  -0.965041 -0.0812799    11.8175
  0.929229  -0.261885   0.260672     2.0669
 -0.272845 -0.0105742      0.962  -0.452792
         0          0          0          1
v_world_imu:    0.000695  0.00345263 -0.00200923
frame_68
id: 1464
stamp: 1784010421.919941187
T_odom_lidar: 
 -0.249364  -0.966128 -0.0664336    11.8171
  0.928649  -0.258018   0.266531    2.06709
 -0.274644 0.00476966   0.961534   -0.45615
         0          0          0          1
T_world_lidar: 
 -0.249102  -0.965059 -0.0812907    11.8176
  0.929064  -0.261823    0.26132    2.06742
 -0.273473 -0.0104289   0.961823  -0.453026
         0          0          0          1
v_world_imu: 0.000495981  0.00649779 -0.00259384
frame_69
id: 1465
stamp: 1784010422.020138025
T_odom_lidar: 
-0.249877 -0.966006 -0.066283   11.8171
 0.928559  -0.25847  0.266406   2.06782
-0.274482  0.005021  0.961579  -0.45614
        0         0         0         1
T_world_lidar: 
 -0.249043  -0.965081 -0.0812228    11.8177
  0.928906  -0.261754    0.26195    2.06828
 -0.274063 -0.0102116   0.961658  -0.453346
         0          0          0          1
v_world_imu: 0.000420129   0.0103788 -0.00376516
frame_70
id: 1466
stamp: 1784010422.119884014
T_odom_lidar: 
 -0.250329  -0.965873 -0.0665187     11.817
  0.928274  -0.258966   0.266916    2.06919
 -0.275033 0.00506928   0.961421  -0.456124
         0          0          0          1
T_world_lidar: 
 -0.248991  -0.965083 -0.0813561    11.8177
  0.928758  -0.261746   0.262485    2.06957
 -0.274614 -0.0102039     0.9615  -0.453801
         0          0          0          1
v_world_imu: 0.000923108   0.0150542 -0.00557838
